3.206261248159153476e-01
5.492967560545700678e-01
3.138258200573912360e-01
4.355950022553386480e-01
4.827646504331377098e-01
3.217265193699483938e-01
4.566688585194211836e-01
6.078843832146383352e-01
4.183442286312150649e-01
2.453402376359116177e-01
5.808681702286037085e-01
4.005194105510490044e-01
3.222016729008057023e-01
1.207926915400665102e+00
1.001453082752514545e+00
3.024705897886303951e-01
3.364382175769483618e-01
2.960000728020467653e-01
5.103087844424921693e-01
4.296185608894631525e-01
4.311260537786849034e-01
8.310244754033213610e-01
3.785712494768353475e-01
1.147182239355087230e+00
5.135951030798280303e-01
7.632344937196988699e-01
4.122143028720964830e-01
3.330973151848819480e-01
6.814628865216563192e-01
4.806270406141215923e-01
4.535066102869339533e-01
3.706439669061054598e-01
1.179204206859460147e+00
8.521462871564779995e-01
4.071537443538012502e-01
5.149507512076439975e-01
6.994541469795314548e-01
3.067488472143053979e-01
7.881428771193792482e-01
3.128884360665400433e-01
3.913467355010054605e-01
8.032544655415850832e-01
6.761147849035400448e-01
1.191053948064075829e+00
2.842551602704629365e-01
4.381367605399836829e-01
3.876306515735650216e-01
4.613977849305883061e-01
4.701774778321334280e-01
5.124361031520929810e-01
4.512691404441754317e-01
6.245946833951773192e-01
3.461242258774496205e-01
1.950061002820074052e-01
8.064919411591890963e-01
5.708963105263619164e-01
4.582723639269294380e-01
5.363669605830044818e-01
6.419359921352939535e-01
2.847018723350940861e-01
4.076325662747202205e-01
6.620920576219526676e-01
4.225728281906502848e-01
7.852079291400759775e-01
4.210456644326285858e-01
2.739477100991990488e-01
2.756854748530451760e-01
8.608404648227613309e-01
2.769827789378449534e-01
6.372300544168704173e-01
5.341029541606846509e-01
4.846302995614765186e-01
9.806621642247888015e-01
6.354565202709387961e-01
6.234624127014896100e-01
7.101107157208351728e-01
1.012565535463100019e+00
3.707941186144200763e-01
5.360045684037257896e-01
4.521066646010402645e-01
6.187377482086828806e-01
2.985711204095071736e-01
1.189084932050590293e+00
7.011398909947147429e-01
5.800447254679745868e-01
2.693768970835731524e-01
4.578680772265230625e-01
3.051188204254580705e-01
7.019821617572432615e-01
3.308066883425285765e-01
4.451143400615993895e-01
2.765252213864155539e-01
3.138391945969701835e-01
5.127193496731983213e-01
9.886692249792217169e-01
2.915203404435152135e-01
4.470237804941721294e-01
2.235980788144360798e-01
4.751489866787498295e-01
6.030240749443737114e-01
3.635949275410859660e-01
3.313017709997689297e-01
5.436796145977631500e-01
4.417430048778964724e-01
2.226555241722964484e-01
4.319720716238258373e-01
7.346198311320869534e-01
4.344386506999955433e-01
2.780442381567436172e-01
4.922076704484242837e-01
6.306998482582701904e-01
3.576618224280246894e-01
7.831612935316958346e-01
2.781769744288528079e-01
3.145655631360010362e-01
2.672247028718235384e-01
6.817765754903418740e-01
3.473204828818090006e-01
6.125395267499040841e-01
5.263168022773587751e-01
3.901059872685712637e-01
4.190734682449729354e-01
4.048256978044056376e-01
5.607024646745080165e-01
4.324517466403383636e-01
2.344628425884157930e-01
4.950658359521004637e-01
3.622327090591864751e-01
4.783616412084197855e-01
5.870923399582448354e-01
5.027504832849777339e-01
7.812356748339941426e-01
3.481314278584029531e-01
2.494203600497835738e-01
4.353584912467555745e-01
4.615732316709499905e-01
5.233269417325754347e-01
6.022020971222535879e-01
5.456618717921981609e-01
3.215641677024915768e-01
2.389234028274498101e-01
7.221708969482867335e-01
5.156862053928279455e-01
3.013915509268944026e-01
3.452769650338399221e-01
2.311479307336525568e-01
6.544856986202216564e-01
5.955411437980662193e-01
4.875306333859081298e-01
5.983770839343334202e-01
2.992317140153191168e-01
5.111070224822397146e-01
3.551583237020318751e-01
4.255930611178291856e-01
2.985640519620691435e-01
4.485136450261619778e-01
3.072751308066535847e-01
6.465847363318608654e-01
2.353102385101434046e-01
4.562656338562560698e-01
5.950540524397267550e-01
1.591530934527631835e-01
5.527375315931242206e-01
4.764130190212865767e-01
4.854762512708823419e-01
6.068131922503436915e-01
3.469844374733659365e-01
8.809890026978135502e-01
3.466718956902543614e-01
7.429678087515281248e-01
4.254227123708370639e-01
3.252976872612556303e-01
2.093845076555716223e-01
3.277694277078967988e-01
5.207278134331099206e-01
4.849282006149718272e-01
5.618014632146234311e-01
4.440718756810106416e-01
3.429170384459333532e-01
3.352753930212771238e-01
3.479777885432391304e-01
3.843293641615087020e-01
3.668943199737305649e-01
7.449404354092719061e-01
4.017105135035281549e-01
5.584399875149241854e-01
4.247026689375904551e-01
2.708330925663980926e-01
7.658161275834605153e-01
3.486917172618880789e-01
4.947466350139730351e-01
3.088403275595814068e-01
9.305450538813944128e-01
3.993711805042777230e-01
4.106775570944013465e-01
4.337991001686564152e-01
5.596265335288362897e-01
3.875544812430943287e-01
4.145960970201003626e-01
4.930261980679310763e-01
3.141080492190304607e-01
5.090787290820228961e-01
5.424475100575342212e-01
3.179798653907767170e-01
2.505437944349593327e-01
4.403982188045211799e-01
2.102074449966299108e-01
4.856294407949021674e-01
8.610480927075350177e-01
4.668655775186106860e-01
6.415898541047799775e-01
8.573932723090008645e-01
5.397060978152077304e-01
5.039929922718677791e-01
5.854231461871041153e-01
7.614287783905557827e-01
3.387637474364582624e-01
2.968957636109781362e-01
4.374840054163544045e-01
4.025794309958415362e-01
3.193023096720313814e-01
3.020495750598348184e-01
4.861056304109735438e-01
3.974146630886253861e-01
6.070104193049079555e-01
5.698308830181086915e-01
7.327483371995889838e-01
3.309857374108646777e-01
3.579566341797346118e-01
6.406545578830820098e-01
8.145618556640216168e-01
1.008771560685614022e+00
2.670082172307469692e-01
5.164502100509092974e-01
4.004614701685166867e-01
8.566753333832821671e-01
4.398572517302145601e-01
2.946503543793649871e-01
4.803627017618386508e-01
3.978384799780426695e-01
3.829913997292279104e-01
3.692135943739671133e-01
8.803122818499407032e-01
8.399948238225012354e-01
6.983291524098169667e-01
5.290620478112848524e-01
5.406665274836847113e-01
5.214837923388399021e-01
7.100659020815417444e-01
3.435550677480142534e-01
4.442998828448292414e-01
4.240602036513476669e-01
3.600876685632058982e-01
6.427063348438856183e-01
1.729677343534831158e-01
4.539648637288982713e-01
2.935020141334712673e-01
5.454466293373884112e-01
4.390073129559018961e-01
3.927928186018226353e-01
7.710371983253084816e-01
4.456711516895079939e-01
5.329599654004423259e-01
4.525063548070140662e-01
3.508580285063359061e-01
4.141933126926197750e-01
4.369777341748199984e-01
3.708870098564783779e-01
5.936727293281530704e-01
1.847156764129862516e-01
3.221105653894784648e-01
5.477643163455274689e-01
4.774714398568583595e-01
2.501676667089924866e-01
4.888693842312227811e-01
4.715709828515033397e-01
6.848678331284343557e-01
4.695514700485135529e-01
7.077936379880858109e-01
3.940379990368636509e-01
4.455087828467967914e-01
3.406799986760226662e-01
5.728036789214838720e-01
7.135682325949740390e-01
1.949694937176353893e-01
6.432753519310541179e-01
4.733595529330583140e-01
2.404966548459072928e-01
5.000677744599667518e-01
5.094293502404811935e-01
4.979102877995453258e-01
6.852983288369054460e-01
4.782753579092089979e-01
3.304545514584066312e-01
5.790846061233451136e-01
3.686441213864743438e-01
5.825679835212276281e-01
5.905175825311365090e-01
3.432685122390343180e-01
3.898712070552045050e-01
3.062378823250418991e-01
8.823991947760841947e-01
3.518525135240153645e-01
2.788598917025056356e-01
4.904515350349029079e-01
5.987426256666525948e-01
5.864259418511829081e-01
3.901417929395650241e-01
4.978701881831444354e-01
4.470056079592417131e-01
1.070714131633793365e+00
3.450826697474732585e-01
4.415046743788240691e-01
4.856021246404747527e-01
3.662608801230726741e-01
3.988386234497034999e-01
7.322861483007324646e-01
4.032475563235623506e-01
1.978149591751315328e-01
5.692808220202223435e-01
3.061861328126516124e-01
3.182571724040040850e-01
7.592347456620855972e-01
3.488510041350924018e-01
4.430245009032406367e-01
5.283834622448966289e-01
3.599715497682894338e-01
5.441722229445286052e-01
3.458798308338942862e-01
5.696594437099331554e-01
8.710570189107220695e-01
1.967800204710788980e-01
2.710913252963983444e-01
5.935499170475053710e-01
5.254507540766172324e-01
3.610342522456405079e-01
7.945030379381082808e-01
2.925547435686886022e-01
1.103476460903416001e+00
4.115390964385294836e-01
3.351006592838159936e-01
6.325737604601020525e-01
5.008560464660419820e-01
1.006243247672758523e+00
3.087204056012569087e-01
2.740966853458134400e-01
4.848287607913252528e-01
5.773843147481432236e-01
4.630973236880138733e-01
4.126099441796754475e-01
5.098421188423748474e-01
7.331873963883637213e-01
5.670591800394045867e-01
4.654011238766629366e-01
5.122411772547525999e-01
2.855801182629721935e-01
4.300520249211516322e-01
4.764239220903594418e-01
6.752305626264776262e-01
5.786658942085182167e-01
5.341602616330975994e-01
5.239046879860372874e-01
4.241127609485255134e-01
6.942214170631706427e-01
6.460328055149444637e-01
5.534612680357668957e-01
3.890206672190075765e-01
2.525502763734300826e-01
4.439286053672706345e-01
2.884733275705637645e-01
2.444240676202519280e-01
3.184930293424570458e-01
4.054350755580563015e-01
3.843980373196360101e-01
2.516300857038695216e-01
8.747778853160286250e-01
3.692326448858358479e-01
3.529867877463351844e-01
2.457358170982344714e-01
2.653751351495361455e-01
2.234918707719192321e-01
1.912415148199559656e-01
6.527616114226140187e-01
5.320951412274990133e-01
6.192095055564723616e-01
3.978335037483314296e-01
4.887011137268708061e-01
5.381678878282754042e-01
6.864795294860396302e-01
3.798350342241417210e-01
2.070900925299760942e-01
3.787453700378979882e-01
3.225885287370742205e-01
3.411867350318071868e-01
3.561647308619613206e-01
6.753609473732880009e-01
5.753004272892878745e-01
6.579454419878267846e-01
4.906109498003176084e-01
3.198767704646026111e-01
6.747623051695452734e-01
3.702241377978855441e-01
5.142698787094127644e-01
4.807440171364784076e-01
3.143242779622008043e-01
2.536518545309318085e-01
6.950488279565298910e-01
3.977113938248361125e-01
3.205690105162124492e-01
2.436125364518401670e-01
4.602401700309002863e-01
7.326190431381960355e-01
4.940750589986094843e-01
2.279504846315125177e-01
7.116994627545507601e-01
1.755482474040812868e-01
2.286474837132049798e-01
5.337944640638385696e-01
1.745102909910261069e-01
7.445549335253576206e-01
4.655058469252308928e-01
5.206342273484825256e-01
5.139203993757125444e-01
5.095236355371790538e-01
6.257520264417948397e-01
4.288379983235951487e-01
5.127379047438224147e-01
7.216101983971989764e-01
3.362748140431713884e-01
4.504087640288936822e-01
3.184142907129270950e-01
3.908438151130552152e-01
4.175084682074008957e-01
4.370584659163291308e-01
7.101904144668287344e-01
4.232522689910063196e-01
3.821581473422857034e-01
5.728451377731583749e-01
4.773679538541334422e-01
3.656749820914398930e-01
3.828703759315983945e-01
5.182515501589013418e-01
3.141646375273681180e-01
3.056990717363897714e-01
3.181770751188638946e-01
3.632178546911294381e-01
3.932801685693583238e-01
5.735476861637452961e-01
2.920087233983894026e-01
2.972315906911291994e-01
5.489123298370195414e-01
7.446868490693505649e-01
2.897156012515185175e-01
5.501709474523696075e-01
3.602964935529158752e-01
6.453802438643393424e-01
4.461150113258187666e-01
3.994038076673023241e-01
4.562225494117515545e-01
4.105899110366022509e-01
3.948205510713324040e-01
9.081934401215868702e-01
7.419221082900830933e-01
3.658280798971959014e-01
5.332910115304342336e-01
3.063451391834730586e-01
3.354997842730824686e-01
4.678030426411491915e-01
8.039837679149566263e-01
4.749034822957506341e-01
3.864363569729794556e-01
7.731606768832154364e-01
4.807187285492431905e-01
2.541213175910272959e-01
2.092931341443794169e-01
6.743639340646498948e-01
4.498055396056577226e-01
4.077691523920332628e-01
3.929612569068584582e-01
4.125801525182937746e-01
3.096304198251972895e-01
6.896038665646639920e-01
2.559294627565808500e-01
3.437562101988768104e-01
8.601039353738468840e-01
5.553358178941492085e-01
2.469930013797679846e-01
1.860625223289748276e-01
4.668371548765354317e-01
3.633023516553368637e-01
6.357477277623971856e-01
5.588651094101350081e-01
4.762820370049414831e-01
7.994878723150953270e-01
3.577903181423744416e-01
2.761901040130200213e-01
1.057872044245415255e+00
6.266106971909857215e-01
5.629543233617734233e-01
8.139759593745301558e-01
