4.412641343426350615e-01
4.137532812892726897e-01
4.405980865977377481e-01
8.254811131246770906e-01
4.695358524653208687e-01
3.068755422150817314e-01
4.041000795844411630e-01
5.255940019006772879e-01
-1.747099379146754838e-02
5.519645258356419282e-01
4.262824798578845331e-01
6.057076808158683434e-01
5.144082220034038588e-01
1.390733955807122446e-01
1.111985057271576705e-01
4.449388281222012020e-01
3.366399318307100041e-01
7.047279266167139067e-01
3.449198392831479554e-01
3.975242929065144759e-01
-9.192680628046040470e-02
5.181202626421664847e-01
4.849057545493526411e-01
4.551158275384359353e-01
3.280550299823972171e-01
6.286551191935990657e-01
5.147814593229682600e-01
7.078501942748438580e-01
5.837601636252759407e-02
4.880574415733329174e-01
4.191838812677594617e-01
5.913925818764907971e-01
2.633837292675990094e-01
4.349945347813924390e-01
4.696703940831877810e-01
2.417814944303513236e-01
2.806227074564194290e-01
4.927485117518267121e-01
3.207751164099249541e-01
5.942401365867828744e-01
4.280689548312964776e-01
3.861858024102679532e-01
3.159568536539636430e-01
4.984618686964865097e-01
5.912409779077751892e-01
2.010703125572820826e-01
3.598927192779780015e-01
4.964062367918131158e-01
7.219010943225896426e-01
5.290954119947437473e-01
4.295937885974281945e-01
8.322431760654409594e-01
5.840825154226597649e-01
5.552671135198655739e-01
6.144282782482612948e-02
3.690775235195215553e-01
9.309434891022454472e-01
6.202549400524919321e-01
5.871046464609145366e-01
4.284919340332973836e-01
2.547474659463818680e-01
7.130303563749410545e-01
2.077346872928124422e-01
5.109066971040868710e-01
4.909556656266845787e-01
4.603678513030938779e-01
6.861099182266281460e-01
1.684099216723630721e-01
4.246026357864046696e-01
5.937704471953491048e-01
1.188568849039838282e-01
2.248165981493287224e-01
4.735827559906995998e-01
-3.694858661316104409e-01
2.846736190487812457e-01
1.059260545848492940e+00
3.805200689383868573e-01
4.791514024113106007e-01
4.439930285543456923e-01
4.018458926399471887e-01
1.592949814450566048e-01
3.924362637341898274e-01
5.288097317314875978e-01
6.084132741603335282e-01
5.472723458502288807e-01
4.970575499639723338e-01
2.177373261098214108e-01
7.525977787534707808e-01
4.404393214009367230e-01
6.464178757575227419e-01
4.437557384626575896e-01
5.107846693831866736e-01
3.572319715558746611e-01
5.785790722962624866e-02
4.961699343706234000e-01
5.464762193613865726e-01
2.381905395627595401e-01
4.511392684221613436e-01
7.418757964298005048e-01
3.665478224412102026e-01
3.619226460691428726e-01
4.576431612457391163e-01
4.061717586354204879e-01
2.940281143717947687e-01
1.049951312919648272e+00
-5.231017977000668173e-02
3.745251999468315884e-01
6.221765419191029878e-01
4.166578854120845388e-01
6.777525345775983201e-01
4.225043247984588968e-02
5.033561465482812025e-01
4.596349122104276819e-01
3.045351894464989329e-01
4.006446336081325721e-01
2.972827569309659523e-01
4.543115425587119782e-01
1.443190013070445032e-01
6.932067176590972490e-01
-3.285373072471792222e-02
3.934624068318996470e-01
5.237966970004733769e-01
3.392225485790302253e-01
4.646518337450565861e-01
3.541063535870446755e-01
7.941082788884277210e-01
4.810188091124406595e-01
8.856798479236965838e-02
3.607155321982930540e-01
5.237094226778257200e-01
2.114185157885243305e-01
4.978152583566122780e-01
6.085623250515694860e-01
2.679475999784161622e-01
5.084006167941809151e-01
6.162858271416367106e-01
4.183497399298539698e-01
3.309712873426839952e-01
3.801572073505572469e-01
6.055853057721002353e-01
4.278691289292749222e-01
4.156750883936651819e-01
5.176283662748778491e-01
6.274739183311370816e-01
2.389367946952451194e-01
5.563608511746128693e-01
1.221872998253985543e-01
2.911611393995054975e-01
4.451427689974824520e-01
5.660452260752235620e-01
5.001752091927458288e-01
1.750597841190060788e-01
2.573395578451621590e-01
4.731598280984033456e-01
3.951304052420239743e-01
5.067942911679684803e-01
4.537018178609810715e-01
4.802785882956138730e-01
3.890702902530256413e-01
4.490751278389722989e-01
3.701384469994568049e-01
4.221977902514785774e-01
2.089944619745479626e-01
4.124511212542100735e-01
5.829590535605788659e-01
4.115670469475701254e-01
5.113241798311377595e-01
5.368569352385084148e-01
5.147030249800557122e-01
4.258881578947495417e-01
5.742051059833138682e-01
4.419714045917085832e-01
5.594752589985569902e-01
6.452292983970125961e-01
5.050969584957738512e-01
3.979479275254600434e-01
5.182318119218607411e-01
2.986765626566855181e-01
6.063310621141075885e-01
6.605572948023118451e-01
5.017871164214746660e-01
9.942115044569292959e-01
2.904464140510856773e-01
3.886318415405930482e-01
4.950589828320439700e-01
5.190589790102922985e-01
7.439240590639527584e-01
5.822432951998117723e-01
2.960697876891499325e-01
3.071947858630830752e-01
1.795016389091239617e-01
5.666128606514906352e-01
4.693060290311257821e-01
1.040264873396878342e-01
2.956007068783135239e-01
5.022207481951748154e-01
4.512149263567729052e-01
2.832752571669405195e-01
3.184039269180570786e-01
7.579848281944985278e-01
6.615373410144103072e-01
2.362027031523813991e-01
3.872503083292083148e-01
1.065331972210807887e-01
5.189677501106074731e-01
5.360956851386928790e-01
4.546031503047743283e-01
1.053708982150483031e-01
4.192295685967852847e-01
5.837345155808940644e-01
3.631614871706862480e-01
4.674436233201183510e-01
5.375670186600354228e-01
7.510384830702049319e-01
4.894638038333519181e-01
4.328862846524394459e-01
3.559064069344041181e-01
6.850820839854194766e-01
6.263199221892234991e-01
9.562421693958340629e-01
3.889052032127385816e-01
1.688223008036895956e-01
3.498664910673893735e-01
4.357935134670168353e-01
5.841715721790742277e-01
6.038711148897729641e-01
1.609651340445150680e-01
3.430759641642314173e-01
4.668325294006545612e-01
5.077957510818705833e-01
-2.233179611739391501e-01
3.206696566982545349e-01
1.585868355713820899e-01
2.843618156640872474e-01
-1.745452659953073415e-01
4.399928693210103381e-01
3.831454725056080424e-01
6.473538493490925694e-01
2.240365840912519058e-01
6.271008086782858815e-01
6.199160611780935026e-01
3.182453353776409921e-01
2.132407560317257922e-01
4.155195334215174285e-01
5.458616977634001000e-01
4.192846133276648679e-01
3.911131338730391427e-01
4.384668081290879482e-01
4.554569868198755089e-01
4.215389641492223172e-01
5.243001088673332477e-01
3.211672365335642154e-01
5.753033456698288806e-01
2.083258632483573347e-01
3.322575233067143752e-01
2.952209605210350807e-01
4.857694579079307462e-01
8.468785194261881921e-01
1.737004421818197364e-01
6.944609535809562750e-01
4.573325450697701688e-01
5.025246060916421786e-01
9.200105849651898371e-01
3.598367267244240164e-01
1.309454930718847998e-01
6.634625981407346051e-01
5.669989025019197548e-01
7.116349210555816818e-03
3.828331066929530069e-01
8.076966522705114615e-02
3.632475668401963231e-01
-3.287901714933488817e-02
5.212296927818521608e-01
4.450113872935361758e-01
3.292071601288703020e-01
3.939410852468022139e-01
3.610872066380870771e-01
6.454531853943670239e-01
4.170076509619395355e-01
1.328351537598477128e+00
4.658170797180194445e-01
2.485439377288717333e-02
4.072463316473129424e-01
4.356851936525966140e-01
3.532166614914085678e-01
2.389455085170718029e-01
4.825245550907172887e-01
5.644834989418383575e-01
3.298123134434414183e-01
2.449394969566680014e-01
8.072321267678073120e-02
4.866202587504018795e-01
3.952007889161497367e-01
5.941175558678248869e-01
6.661528395128057944e-01
4.707456043582681771e-01
7.726419954658207967e-01
4.290253914061640250e-01
3.674677538825684708e-01
3.661017416685322101e-01
4.303508966735792307e-01
4.655988953421182353e-01
3.060870241125877578e-01
3.548081196376264290e-01
2.349154994676174724e-01
3.731759611712459623e-01
1.069316590916478793e+00
4.730950375454751056e-01
2.602597730032977230e-01
4.267341592772205816e-01
4.750027958288975949e-01
1.039356082777209700e-01
4.411709537268376224e-01
7.352346268884728531e-01
4.238980704656426512e-01
6.879217096239531593e-01
4.235786981066234080e-01
3.534898847393285748e-01
4.260781074839418703e-01
3.136047486005493212e-01
4.285722129039206130e-01
4.401308602360098909e-01
3.701808061450526655e-01
5.145433583671483735e-01
1.835920519316769361e-02
4.442604213756338183e-01
6.707557880398513639e-01
3.593447971452481959e-01
4.379751557335330170e-01
2.634848351267369271e-01
3.908686905533655387e-01
3.687891787887055406e-01
5.020553120052205776e-01
5.807333470559026267e-01
5.471526164301666606e-01
5.328142531478636812e-01
4.564447626044485506e-01
5.446517965843797882e-01
3.967825012793202433e-01
1.298891780213107250e-02
4.094567456207737766e-01
3.074995215340619592e-01
3.026941252692109119e-01
4.415595513685219853e-01
4.762207612520371613e-01
3.072070760588828109e-01
3.945771255184236659e-01
3.074648842095287771e-01
6.645619410533538662e-01
6.505772094037109987e-02
1.784851512177275668e-01
5.738361012639603409e-01
5.540802218490062936e-01
3.795479072830496570e-01
6.198654349946162156e-01
9.322471134091723233e-01
3.102903509651562253e-01
3.226754770686807161e-01
1.697779005825552634e-01
7.052658831477567336e-01
2.084181036178813784e-01
6.533175950462826176e-01
4.212484154668297842e-01
2.843860989211550727e-01
3.741170546224996118e-01
4.565717778886005385e-01
2.803377780353886184e-01
5.319221162260332481e-01
4.306809959992424774e-01
4.676755171348135343e-01
5.077028865698692828e-01
4.064191981444653101e-01
4.004553368149587067e-01
3.893512964246254038e-01
4.486532460224162966e-01
2.431780682671391969e-01
6.105516428961810238e-01
3.144878823117541189e-01
-5.836327683796405097e-01
3.442717631147542701e-01
2.210835837093819145e-01
5.021321423554883090e-01
6.941326140723247384e-01
6.195209378277054535e-01
7.730716477795378516e-01
5.462854635544406312e-01
5.649624556057151192e-01
3.935803215762008200e-01
5.989102367152484563e-01
2.328448008064820107e-01
4.261900604021882089e-01
5.296535593346994863e-01
8.338508627359485503e-01
9.739262025511774556e-02
6.489449286623610869e-02
4.336416826669549640e-01
6.087948811922443415e-01
4.003368684981260528e-01
4.042512427773001793e-01
1.930171171889902837e-01
5.810460746715824243e-01
6.885996271528469492e-01
4.866053142367322559e-01
4.364555377870203978e-01
2.772825178589296558e-01
3.053108872741223112e-01
4.497963756958803239e-01
2.402932568869830809e-01
4.413511118306088221e-01
3.883534112865648646e-01
8.417343382176923905e-01
3.363829295626589722e-01
6.443570460649868936e-01
4.128739017996196359e-01
1.915318372215885911e-01
3.452132977316982321e-01
4.407456679719925496e-01
4.033984591562729816e-01
3.412153288374054627e-01
5.516452272589109640e-01
7.994711235028892915e-01
1.105871277218023030e+00
3.076378998271653842e-01
2.557224031432012712e-01
4.886550474900132612e-01
4.672089035687660985e-01
3.552611287355394998e-02
5.066422355676247768e-01
5.515022355068284199e-01
1.896818280942893509e-01
4.808202193660683910e-01
4.266901182243297841e-01
2.878515347936758673e-01
2.339148142391695162e-01
2.863126753020584503e-01
5.118034585062081199e-01
5.009767034711393174e-01
4.360307573617192012e-01
5.456491782460513029e-01
7.493163230793966623e-01
3.785131092973347267e-01
5.156072664625445112e-01
4.323632272625926309e-01
4.249871534268657713e-01
5.041889412349828126e-01
4.049417514188381473e-01
3.922730929289119373e-01
7.541511647297879373e-01
5.235317882409602497e-01
2.818715490236884946e-01
7.210257927860470595e-01
-1.551770976447959804e-01
3.872277267428314018e-01
3.440883455102082267e-01
4.361127502286965552e-01
2.584493739006855639e-01
4.558344753922424220e-01
3.125405256880148253e-01
5.138042746892327317e-01
3.651784825039676163e-01
4.763952251458957177e-01
4.730729440987664902e-01
5.253143636152355356e-01
-1.668360409527079313e-01
7.444566832804875300e-01
3.450452200838262096e-01
6.307483625511101089e-01
2.385226577784164137e-01
3.118816509058575104e-02
4.812594608418345188e-01
2.799708824247995054e-01
2.490587272787472550e-01
4.254913113687862070e-01
4.742554023256440598e-01
3.875628090740501075e-01
4.042415653986708435e-01
4.319647287909949007e-01
7.300681419212442513e-01
5.139279783941101964e-01
4.121868580161316409e-01
6.835448623142997837e-01
2.873902979801851165e-01
2.936285323585973162e-01
2.921687819686830112e-01
5.452407580838769530e-01
1.408909549768512792e-01
5.189822749843593375e-01
3.765690146572122643e-01
4.895984321178579179e-01
5.291707879356134514e-01
4.060938850945507994e-01
9.093012206912538531e-01
1.546864172748618760e-01
8.030452960445609856e-01
3.306653955813450563e-01
2.603741595241640949e-01
4.423835817843466689e-01
3.703632184912603043e-01
4.081778364161233741e-01
4.334753696054368666e-01
