4.352749782848726601e-01
3.509798123311327900e-01
6.061824724574591539e-01
6.259658631273157248e-01
4.996307974791077688e-01
4.549563640455392965e-01
3.826484548780608730e-01
6.579642575505877389e-01
3.076621941328018806e-01
3.534824463789624227e-01
7.008940956789523336e-01
2.996410905153865101e-01
3.261031486697674731e-01
5.600123073156466624e-01
4.809011447786736282e-01
6.662107503413000620e-01
5.538426631483545082e-01
3.399148998892267404e-01
4.628381520083866829e-01
4.979128830958600704e-01
6.873967580930088195e-01
1.182105605054324660e-01
1.209576177885872544e-01
4.493104825047468665e-01
5.617641625206947209e-01
3.561025963368436020e-01
5.321997543376471018e-01
4.058548088911050344e-01
1.959942805243264363e-01
4.717109671833243367e-01
2.969621045813717330e-01
6.165693192093532060e-01
5.217012840210178970e-01
7.121437379891177866e-01
3.252568275660042696e-01
4.269639494167891680e-01
3.115908950891460027e-01
8.278650204535806800e-01
6.604891476317257260e-01
4.562891162266393685e-01
4.837657881660641923e-01
4.786019302745281867e-01
4.593179783592264975e-01
2.722177819090177975e-01
5.151914893059498235e-01
4.759191776941956720e-01
4.497425208104143257e-01
3.699010684168742014e-01
3.519965432684682427e-01
2.088660301629007288e-01
2.667796466550096945e-01
2.457853114205021672e-01
5.203921417387864512e-01
4.642141069445891444e-01
6.086229093654114131e-01
3.347806354899852121e-01
4.603933342305388532e-01
3.952543398952454434e-01
6.803128640547206896e-01
2.795511585955952616e-01
8.625219522573857045e-01
5.590613785798995705e-01
3.841722773553850612e-01
6.639899683452363810e-01
4.069106708754965940e-01
5.539166152479535477e-01
4.966467245996998292e-01
6.427562327960963939e-01
6.578472155471934979e-01
4.215829269320798822e-01
5.077310279433850937e-01
2.106758616983498977e-01
4.343294228765614551e-01
7.633061469737693061e-01
5.342128503826727437e-01
6.202847332617120735e-01
4.871882844481242314e-01
3.478999812363121058e-01
5.507894714551772042e-01
6.448716302491177554e-01
6.302479533970175574e-01
1.612337950982718759e-01
4.020643043369145908e-01
4.281635394106628745e-01
5.472973974143687803e-01
3.820396268717256572e-01
4.816476397102341656e-01
4.276808858616724662e-01
4.479329643626036028e-01
3.107379314898521816e-01
4.840382764091013534e-01
5.621912306433680673e-01
5.080717577568060195e-01
7.786412194451649560e-01
6.505006398604407103e-01
4.874058667779320730e-01
6.174022944457218109e-01
4.369058021380145540e-01
3.717235354924221524e-01
5.189778037787030618e-01
3.129738775834293718e-01
3.163776537905347852e-01
6.245633123513969487e-01
5.097248847962526641e-01
5.525255435562447248e-01
3.851668089461347533e-01
6.863767354054775005e-01
6.360750741613987458e-01
4.243535572616592422e-01
3.279526148241295735e-01
3.317289325807738498e-01
3.615929740557174421e-01
1.204405913104861781e-01
5.126134364341962124e-01
3.620491012203314596e-01
1.716787098951168822e-01
7.075008922923147203e-01
4.066241709775915703e-01
5.131249196067616536e-01
4.680242619116570801e-01
5.000073615474488475e-01
4.108495008683495375e-01
1.404412025583266221e-01
3.269803155555298657e-01
2.662097001497144566e-01
5.542645647128953135e-01
2.590008522791528711e-01
6.679477859314425503e-01
6.577988846645214105e-01
4.963022887350053147e-01
3.248719852979570777e-01
6.393163624769417908e-01
3.512746287090333097e-01
3.980658329770180859e-01
4.501263454212304227e-01
2.593839673360379128e-01
3.014374996561847153e-01
5.576295073386992041e-01
5.965774014102608325e-01
5.861371103216351797e-01
3.472992530403418709e-01
1.411579815095287127e-01
6.087942866299997924e-01
4.648646243607978401e-01
7.107713213501434257e-01
4.030365551674506830e-01
2.618585126631232662e-01
5.106790746957320382e-01
5.429044401543546838e-01
4.423387998127203402e-01
2.624263683225315225e-01
3.137479327647834104e-01
5.132846305799777520e-01
6.868612403719438486e-01
1.563569862961217694e-01
4.246100932881521350e-01
6.266394594523795325e-01
4.047928465769526363e-01
3.178850824666757946e-01
2.764640062780916452e-01
4.330276138943882080e-01
4.066174131541636649e-01
2.692834433318375686e-01
5.184506659839689391e-01
6.412440471265138386e-01
4.790263906556807560e-01
4.131491830027406720e-01
4.984306229283826384e-01
6.522801943296744343e-01
2.528908436771937773e-01
5.405098219247455038e-01
4.896650803291074383e-01
5.165054027414692772e-01
4.915378416915389681e-01
3.629569523962649646e-01
4.721336722667319741e-01
6.193385061305509698e-01
6.151581522091440490e-01
4.126491405702278903e-01
3.457453271462931910e-01
1.734156058585446802e-01
3.690067261320819081e-01
4.505050000588829984e-01
2.526286549268504378e-01
6.049078292975931248e-01
4.905389234507843144e-01
4.057846593357659071e-01
6.001967682492045375e-01
3.021648075064356509e-01
6.671662057593069628e-01
5.987676980457148357e-01
3.728797580545704093e-01
3.290054657508789671e-01
4.304880047811688315e-01
5.791734507901746820e-01
4.474499877930194769e-01
3.470566298316639653e-01
1.600830959107014950e-01
1.847553755626672456e-01
2.806243913757276442e-01
2.201516762537166216e-01
8.059310586092576223e-01
4.321606045824580855e-01
3.426165162776119710e-01
7.471960575612383026e-01
6.676626047159983646e-01
4.987469008533301773e-01
3.849495797675140385e-01
5.021723874046273295e-01
4.626322990460302598e-01
4.615013378412527456e-01
3.567123186794367573e-01
6.324246250122558255e-01
5.608631067869238596e-01
6.766389207651204440e-01
4.469065811753856199e-01
2.921032013516550174e-01
5.447449331393754424e-01
3.742211367641999908e-01
3.432660287331943949e-01
2.759087027774317913e-01
3.594892093043557946e-01
6.121757896335068283e-01
7.838871601427861435e-01
4.209166075053991651e-01
4.671391708529646358e-01
3.986540164840458034e-01
5.301410879337572490e-01
7.095338375157067556e-01
4.847323969162444790e-01
5.015239272627567413e-01
4.442319839420458827e-01
5.560816779727492110e-01
5.773497197689744231e-01
3.228255051085546223e-01
2.318504395256532902e-01
5.308069951368216133e-01
3.580082690890944996e-01
6.024005912948008357e-01
6.264337789570275650e-01
1.463977885210973329e-01
8.646259542708044643e-01
5.455920702775054476e-01
5.883307151728777162e-01
3.519449427301771238e-01
6.021600001054426832e-01
6.013205399990813049e-01
4.343545476855515952e-01
3.273838876281263688e-01
7.283343664414423380e-01
5.865071082124940771e-01
5.068276177764694523e-01
7.664946448019183123e-01
1.809259684709791649e-01
5.300826963723584972e-01
3.424107374160339501e-01
5.681927650409693831e-01
7.508611906396036595e-01
7.053331638310255114e-01
6.718233868671810161e-01
6.168068404138102867e-01
7.791026088994049692e-01
2.918559328638900552e-01
3.272288735240954094e-01
7.146315383600464477e-01
3.215927717263610264e-01
3.955109638292416130e-01
2.434484407707712683e-01
5.687159505302799012e-01
6.969415717487913442e-01
6.209705514409589178e-01
6.569300485034903492e-01
4.033971153556941136e-01
2.855542222337792979e-01
4.487449968861206839e-01
7.165304787623389959e-01
4.393915328142455334e-01
5.970110993236714680e-01
6.004834853859466470e-01
4.491716226209541696e-01
3.552017350720945710e-01
3.801020851271952883e-01
8.714350223364332182e-01
3.081197998229335266e-01
3.124725207807160232e-01
3.917793201330967978e-01
4.257049746431346149e-01
3.530981652926182268e-01
8.465898122208498355e-01
2.681371414922443797e-01
5.232346382042057931e-01
4.817769170797018274e-01
4.521140913537353145e-01
4.257613107554739651e-01
4.907189208198715624e-01
3.210856771794546871e-01
5.794553074029727968e-01
6.078022608433774066e-01
4.740922455282873815e-01
5.626682891826216837e-01
6.975824056229893433e-01
5.538753374129264939e-01
6.035097732725088759e-01
5.169536436583234140e-01
7.221884879993247797e-01
4.556435740142266155e-01
2.169288038755063652e-01
3.809413934221709264e-01
5.202735230513217957e-01
6.114588269331848736e-01
5.276089023960157665e-01
2.469632815459214814e-01
4.831973092893967481e-01
7.295827881967601458e-01
5.198676432832017857e-01
5.572823279919837391e-01
7.266799064728175495e-01
5.208833032430916221e-01
5.238376930476930093e-01
4.807175754838688420e-01
4.823131048265091314e-01
1.248249339784013590e-01
3.652769173490500454e-01
4.465195677589887113e-01
4.041320195433992790e-01
5.229889311082043246e-01
6.472901797623036302e-01
5.435560618483531448e-01
5.040261548959664717e-01
3.475075765389449844e-01
1.797045892528351951e-01
3.269740828424581025e-01
4.272443047505511959e-01
5.744651733458906451e-01
3.865875319896717732e-01
4.873465262005410858e-01
5.195600652455931723e-01
3.628427363016010210e-01
6.386940907621264651e-01
6.555813014285366558e-01
1.837164580839094619e-01
5.678001408463559940e-01
5.616562825825077709e-01
3.441426442767979710e-01
6.932391019063401938e-01
3.644495297500271458e-01
3.975562802396265805e-01
6.061375450037720380e-01
4.196164302314894234e-01
3.436420433081245895e-01
1.376163391666893887e-01
6.801262482269158083e-01
4.743426288634453591e-01
6.415916241309658208e-01
6.099249687399451725e-01
5.800365132584121008e-01
1.533577652426296734e-01
2.877151413657539902e-01
3.136251496812562101e-01
4.756231616929088024e-01
3.166550693027286867e-01
4.093534959660702355e-01
2.890865869058693582e-01
3.110108301627955707e-01
3.971018663090477574e-01
5.136638861789761812e-01
5.492677440956149626e-01
5.186232115085495087e-01
4.539871835965318958e-01
4.170431919067683069e-01
6.277152908133627474e-01
7.438088079894829008e-01
4.948730735106960377e-01
4.799146255818080853e-01
3.152457714777263664e-01
5.850520286998884822e-01
1.004116564708548431e-01
2.373555819568163028e-01
6.402299254740676515e-01
4.292234974982579443e-01
1.564989261841667756e-01
5.997091415802872083e-01
6.688782270873194769e-01
3.608310230060314261e-01
5.664805616842488734e-01
4.678092726033972193e-01
3.792858716758558679e-01
3.611084424470757948e-01
6.339694080779293417e-01
4.327600465622724601e-01
4.141547989214330872e-01
4.073965471448489084e-01
7.263706290060296666e-01
4.709032517113681537e-01
6.391137488482476758e-01
5.007369291000381972e-01
4.194229690881424721e-01
2.774979655996098749e-01
3.932305084738265122e-01
6.138355921755237476e-01
4.623432471045472725e-01
4.066465242652526069e-01
1.830201639247199252e-01
2.762999093541491091e-01
2.963621931106341090e-01
3.789869740702486722e-01
5.843228348287515805e-01
2.905560510885483172e-01
7.011919578520823260e-01
3.662216459594782036e-01
7.781631218253320936e-01
2.870758587364127812e-01
5.479521281786684517e-01
4.564067991774982125e-01
5.660214023536607186e-01
3.726144571040676534e-01
3.887987202176447776e-01
6.029146868550175897e-01
6.595257165899631735e-01
7.405288288237971139e-01
4.755037799039895097e-01
4.112768252350201825e-01
4.777301561415185915e-01
4.172303379644516919e-01
3.234532015390396142e-01
4.852869851168733484e-01
8.626622256994521676e-01
6.814972469207886130e-01
5.810325787710451939e-01
7.743603685329616404e-01
5.185178186241743425e-01
3.970366293305285232e-01
3.665927079819889522e-01
5.613181808679365004e-01
2.679706945286615682e-01
4.515093903930278429e-01
6.759329969799174886e-01
7.985095670881529051e-01
4.503299804331417078e-01
4.987925885642033874e-01
6.483403070251461120e-01
5.595533860758238331e-01
3.743719602938755942e-01
5.160643442270528292e-01
4.450064374994863736e-01
6.363009117848121843e-01
4.080420721573215226e-01
5.116442328605207424e-01
6.204737669940427747e-01
5.436158326541574715e-01
4.326757862595294601e-01
5.936999100893026737e-01
3.436158856710032072e-01
4.313889229761108113e-01
5.246395591221206800e-01
5.446275409745393592e-01
6.628211366431927543e-01
5.593184655360569080e-01
1.448530160418181056e-01
4.523153541466345406e-01
3.497771356882569127e-01
2.416977123537781547e-01
4.795279729673810332e-01
2.992080640582340245e-01
5.100260696344790512e-01
5.109000026465647659e-01
4.535785029736171814e-01
1.792824606547534505e-01
2.557697457901588756e-01
4.196758587275728480e-01
3.644574180543265207e-01
4.596143624821268370e-01
6.766406354591221195e-01
6.499602296509662258e-01
4.797081067655371012e-01
2.787798927215999756e-01
3.583405706361271204e-01
5.540336986300388178e-01
4.388520379822035133e-01
8.652741881535570556e-01
6.277595049487076917e-01
5.521139650034794233e-01
4.211081024714711241e-01
3.025253397562086555e-01
5.777538565480739852e-01
5.162333855846746866e-01
4.463363422053148732e-01
6.007382779385839200e-01
1.883299083381894945e-01
5.883448365641320565e-01
5.266273777868512029e-01
3.419182922787030732e-01
4.467302644116292742e-01
7.647907814857434206e-01
3.835608333009065118e-01
2.322454429594046077e-01
4.899173815759009787e-01
1.629494061065158150e-01
6.104188176201048588e-01
5.712053236642384846e-01
